0, 165.32872307427053
1, 127.27469595937009
2, 99.47630117487577
3, 79.09714151107309
4, 64.09543071061645
5, 53.0
6, 44.74963283994951
7, 38.577798547728335
8, 33.929934894846895
9, 30.40406976276259
10, 27.70818043950431
11, 25.629558508242443
12, 24.01278799611007
13, 22.74390462333605
14, 21.73899217864521
15, 20.93596532072989
16, 20.288641696616484
17, 19.762459752364265
18, 19.331380350057266
19, 18.975640620760355
20, 18.680121940204227
21, 18.43316094981307
22, 18.225680640449337
23, 18.050553030943313
24, 17.902129750531294
25, 17.77589462790984
26, 17.668205173989982
27, 17.576099035935833
28, 17.49714811144209
29, 17.429347772074102
30, 17.371032074694284
31, 17.320808314839734
32, 17.277506063949378
33, 17.240137126292723
34, 17.207863789681547
35, 17.17997342591419
36, 17.1558579938018
37, 17.134997360882323
38, 17.116945626464855
39, 17.101319825048638
40, 17.087790534587473
41, 17.076074022345665
42, 17.065925642205038
43, 17.057134258463638
44, 17.049517517658007
45, 17.04291782555343
46, 17.037198913957972
47, 17.0322429034572
48, 17.02794778502817
49, 17.02422525687186
50, 17.020998863517036
51, 17.01820239290127
52, 17.015778494180772
53, 17.01367748480324
54, 17.01185632015666
55, 17.010277703082718
56, 17.008909313869705
57, 17.007723144137717
58, 17.006694920392476
59, 17.005803605029122
60, 17.00503096427379
61, 17.004361194007377
62, 17.003780595662487
63, 17.003277295453394
64, 17.002841001117197
65, 17.002462791134562
66, 17.002134932078842
67, 17.001850720329603
68, 17.001604344893014
69, 17.001390768509303
70, 17.001205624605618
71, 17.001045127979815
72, 17.00090599738352
73, 17.000785388417846
74, 17.00068083536691
75, 17.000590200778092
76, 17.00051163175668
77, 17.000443522080488
78, 17.000384479359084
79, 17.000333296565763
80, 17.000288927359897
81, 17.000250464694904
82, 17.00021712227427
83, 17.000188218476453
84, 17.000163162419895
85, 17.00014144188322
86, 17.00012261283359
87, 17.000106290349166
88, 17.000092140749988
89, 17.000079874776496
90, 17.0000692416761
91, 17.00006002407704
92, 17.000052033544613
93, 17.00004510672899
94, 17.00003910202586
95, 17.000033896681604
96, 17.00002938428383
97, 17.000025472586024
98, 17.000022081621708
99, 17.00001914206973
100, 17.000016593837117